After sorting
A D X Y 
0 0 0 0
14 21 56 14
17 16 47 15
30 15 51 30
35 16 46 33
39 6 47 39
43 7 25 24
53 17 36 49
55 11 37 53
55 17 41 59
55 25 16 23
58 10 32 53
64 15 16 33
65 26 11 24
68 17 11 28
69 5 11 29
74 22 11 40
85 16 1 14
110 22 -24 64
111 17 -9 23
125 21 -25 35
134 1 -9 9
147 22 -8 5
158 66 -33 13
170 25 -23 4
207 11 -19 -10
213 7 -33 -22
221 25 -28 -25
238 11 -19 -31
239 21 -3 -5
303 2 17 -26
337 7 51 -21
344 21 41 -11


CLUSTER 1
A D X Y 
0 0 0 0
14 21 56 14
17 16 47 15
30 15 51 30
35 16 46 33
39 6 47 39
43 7 25 24
53 17 36 49


CLUSTER 2
A D X Y 
0 0 0 0
55 11 37 53
55 17 41 59
55 25 16 23
58 10 32 53
64 15 16 33


CLUSTER 3
A D X Y 
0 0 0 0
65 26 11 24
68 17 11 28
69 5 11 29
74 22 11 40
85 16 1 14


CLUSTER 4
A D X Y 
0 0 0 0
110 22 -24 64
111 17 -9 23
125 21 -25 35
134 1 -9 9
147 22 -8 5


CLUSTER 5
A D X Y 
0 0 0 0
158 66 -33 13
170 25 -23 4


CLUSTER 6
A D X Y 
0 0 0 0
207 11 -19 -10
213 7 -33 -22
221 25 -28 -25
238 11 -19 -31
239 21 -3 -5
303 2 17 -26
337 7 51 -21


CLUSTER 7
A D X Y 
0 0 0 0
344 21 41 -11


Distance for  Cluster 1

8
0 57.7235 49.3356 59.1693 56.6127 61.0737 34.6554 60.803 
57.7235 0 9.05539 16.7631 21.4709 26.5707 32.573 40.3113 
49.3356 9.05539 0 15.5242 18.0278 24 23.7697 35.7351 
59.1693 16.7631 15.5242 0 5.83095 9.84886 26.6833 24.2074 
56.6127 21.4709 18.0278 5.83095 0 6.08276 22.8473 18.868 
61.0737 26.5707 24 9.84886 6.08276 0 26.6271 14.8661 
34.6554 32.573 23.7697 26.6833 22.8473 26.6271 0 27.313 
60.803 40.3113 35.7351 24.2074 18.868 14.8661 27.313 0 


Distance for  Cluster 2

6
0 64.6375 71.8471 28.0179 61.9112 36.6742 
64.6375 0 7.2111 36.6197 5 29 
71.8471 7.2111 0 43.8292 10.8167 36.0694 
28.0179 36.6197 43.8292 0 34 10 
61.9112 5 10.8167 34 0 25.6125 
36.6742 29 36.0694 10 25.6125 0 


Distance for  Cluster 3

6
0 26.4008 30.0832 31.0161 41.4849 14.0357 
26.4008 0 4 5 16 14.1421 
30.0832 4 0 1 12 17.2047 
31.0161 5 1 0 11 18.0278 
41.4849 16 12 11 0 27.8568 
14.0357 14.1421 17.2047 18.0278 27.8568 0 


Distance for  Cluster 4

6
0 68.352 24.6982 43.0116 12.7279 9.43398 
68.352 0 43.6578 29.0172 57.0088 61.131 
24.6982 43.6578 0 20 14 18.0278 
43.0116 29.0172 20 0 30.5287 34.4819 
12.7279 57.0088 14 30.5287 0 4.12311 
9.43398 61.131 18.0278 34.4819 4.12311 0 


Distance for  Cluster 5

3
0 35.4683 23.3452 
35.4683 0 13.4536 
23.3452 13.4536 0 


Distance for  Cluster 6

8
0 21.4709 39.6611 37.5366 36.3593 5.83095 31.0644 55.1543 
21.4709 0 18.4391 17.4929 21 16.7631 39.3954 70.859 
39.6611 18.4391 0 5.83095 16.6433 34.4819 50.1597 84.006 
37.5366 17.4929 5.83095 0 10.8167 32.0156 45.0111 79.1012 
36.3593 21 16.6433 10.8167 0 30.5287 36.3456 70.7107 
5.83095 16.7631 34.4819 32.0156 30.5287 0 29 56.3205 
31.0644 39.3954 50.1597 45.0111 36.3456 29 0 34.3657 
55.1543 70.859 84.006 79.1012 70.7107 56.3205 34.3657 0 


Distance for  Cluster 7

2
0 42.45 
42.45 0 


