After sorting
A D X Y 
0 0 0 0
20 15 16 6
21 14 10 4
27 13 17 9
28 24 26 14
39 5 35 29
49 10 26 30
50 9 25 30
51 5 11 14
61 14 16 29
89 18 0 24
116 13 -10 20
195 23 -14 -4
209 3 -35 -20
231 23 -35 -44
232 8 -19 -25
237 10 -35 -54
242 19 -34 -65
247 2 -25 -60
254 13 -10 -35
260 8 -10 -60
265 9 -3 -41
266 23 -4 -61
267 14 -3 -61
270 20 0 -61
276 20 6 -55
295 24 31 -65
306 18 12 -16
308 18 40 -51
309 19 5 -6
320 10 30 -25
320 14 35 -29
358 8 40 -1


CLUSTER 1
A D X Y 
0 0 0 0
20 15 16 6
21 14 10 4
27 13 17 9
28 24 26 14
39 5 35 29
49 10 26 30
50 9 25 30
51 5 11 14


CLUSTER 2
A D X Y 
0 0 0 0
61 14 16 29
89 18 0 24
116 13 -10 20
195 23 -14 -4
209 3 -35 -20
231 23 -35 -44


CLUSTER 3
A D X Y 
0 0 0 0
232 8 -19 -25
237 10 -35 -54
242 19 -34 -65
247 2 -25 -60
254 13 -10 -35
260 8 -10 -60
265 9 -3 -41
266 23 -4 -61


CLUSTER 4
A D X Y 
0 0 0 0
267 14 -3 -61
270 20 0 -61
276 20 6 -55
295 24 31 -65
306 18 12 -16


CLUSTER 5
A D X Y 
0 0 0 0
308 18 40 -51
309 19 5 -6
320 10 30 -25
320 14 35 -29
358 8 40 -1


Distance for  Cluster 1

9
0 17.088 10.7703 19.2354 29.5296 45.4533 39.6989 39.0512 17.8045 
17.088 0 6.32456 3.16228 12.8062 29.8329 26 25.632 9.43398 
10.7703 6.32456 0 8.60233 18.868 35.3553 30.5287 30.0167 10.0499 
19.2354 3.16228 8.60233 0 10.2956 26.9072 22.8473 22.4722 7.81025 
29.5296 12.8062 18.868 10.2956 0 17.4929 16 16.0312 15 
45.4533 29.8329 35.3553 26.9072 17.4929 0 9.05539 10.0499 28.3019 
39.6989 26 30.5287 22.8473 16 9.05539 0 1 21.9317 
39.0512 25.632 30.0167 22.4722 16.0312 10.0499 1 0 21.2603 
17.8045 9.43398 10.0499 7.81025 15 28.3019 21.9317 21.2603 0 


Distance for  Cluster 2

7
0 33.121 24 22.3607 14.5602 40.3113 56.2228 
33.121 0 16.7631 27.5136 44.5982 70.7248 89.0505 
24 16.7631 0 10.7703 31.305 56.2228 76.4788 
22.3607 27.5136 10.7703 0 24.3311 47.1699 68.7095 
14.5602 44.5982 31.305 24.3311 0 26.4008 45.1774 
40.3113 70.7248 56.2228 47.1699 26.4008 0 24 
56.2228 89.0505 76.4788 68.7095 45.1774 24 0 


Distance for  Cluster 3

9
0 31.4006 64.3506 73.3553 65 36.4006 60.8276 41.1096 61.131 
31.4006 0 33.121 42.72 35.5106 13.4536 36.1386 22.6274 39 
64.3506 33.121 0 11.0454 11.6619 31.4006 25.7099 34.5398 31.7805 
73.3553 42.72 11.0454 0 10.2956 38.4187 24.5153 39.2046 30.2655 
65 35.5106 11.6619 10.2956 0 29.1548 15 29.0689 21.0238 
36.4006 13.4536 31.4006 38.4187 29.1548 0 25 9.21954 26.6833 
60.8276 36.1386 25.7099 24.5153 15 25 0 20.2485 6.08276 
41.1096 22.6274 34.5398 39.2046 29.0689 9.21954 20.2485 0 20.025 
61.131 39 31.7805 30.2655 21.0238 26.6833 6.08276 20.025 0 


Distance for  Cluster 4

6
0 61.0737 61 55.3263 72.0139 20 
61.0737 0 3 10.8167 34.2345 47.4342 
61 3 0 8.48528 31.257 46.5725 
55.3263 10.8167 8.48528 0 26.9258 39.4588 
72.0139 34.2345 31.257 26.9258 0 52.5547 
20 47.4342 46.5725 39.4588 52.5547 0 


Distance for  Cluster 5

6
0 64.8151 7.81025 39.0512 45.4533 40.0125 
64.8151 0 57.0088 27.8568 22.561 50 
7.81025 57.0088 0 31.4006 37.8021 35.3553 
39.0512 27.8568 31.4006 0 6.40312 26 
45.4533 22.561 37.8021 6.40312 0 28.4429 
40.0125 50 35.3553 26 28.4429 0 


