After sorting
A D X Y 
0 0 0 0
14 21 56 14
17 16 47 15
30 15 51 30
35 16 46 33
39 6 47 39
43 7 25 24
53 17 36 49
55 11 37 53
55 17 41 59
55 25 16 23
58 10 32 53
64 15 16 33
65 26 11 24
68 17 11 28
69 5 11 29
74 22 11 40
85 16 1 14
110 22 -24 64
111 17 -9 23
125 21 -25 35
134 1 -9 9
147 22 -8 5
158 66 -33 13
170 25 -23 4
207 11 -19 -10
213 7 -33 -22
221 25 -28 -25
238 11 -19 -31
239 21 -3 -5
303 2 17 -26
337 7 51 -21
344 21 41 -11


CLUSTER 1
A D X Y 
0 0 0 0
238 11 -19 -31
239 21 -3 -5
303 2 17 -26
337 7 51 -21
344 21 41 -11
14 21 56 14
17 16 47 15


CLUSTER 2
A D X Y 
0 0 0 0
30 15 51 30
35 16 46 33
39 6 47 39
43 7 25 24
53 17 36 49
55 11 37 53
55 17 41 59


CLUSTER 3
A D X Y 
0 0 0 0
55 25 16 23
58 10 32 53
64 15 16 33
65 26 11 24
68 17 11 28
69 5 11 29


CLUSTER 4
A D X Y 
0 0 0 0
74 22 11 40
85 16 1 14
110 22 -24 64
111 17 -9 23
125 21 -25 35
134 1 -9 9


CLUSTER 5
A D X Y 
0 0 0 0
147 22 -8 5
158 66 -33 13


CLUSTER 6
A D X Y 
0 0 0 0
170 25 -23 4
207 11 -19 -10
213 7 -33 -22
221 25 -28 -25


Distance for  Cluster 1

8
0 36.3593 5.83095 31.0644 55.1543 42.45 57.7235 49.3356 
36.3593 0 30.5287 36.3456 70.7107 63.2456 87.4643 80.4487 
5.83095 30.5287 0 29 56.3205 44.4072 61.9839 53.8516 
31.0644 36.3456 29 0 34.3657 28.3019 55.8659 50.8035 
55.1543 70.7107 56.3205 34.3657 0 14.1421 35.3553 36.2215 
42.45 63.2456 44.4072 28.3019 14.1421 0 29.1548 26.6833 
57.7235 87.4643 61.9839 55.8659 35.3553 29.1548 0 9.05539 
49.3356 80.4487 53.8516 50.8035 36.2215 26.6833 9.05539 0 


Distance for  Cluster 2

8
0 59.1693 56.6127 61.0737 34.6554 60.803 64.6375 71.8471 
59.1693 0 5.83095 9.84886 26.6833 24.2074 26.9258 30.6757 
56.6127 5.83095 0 6.08276 22.8473 18.868 21.9317 26.4764 
61.0737 9.84886 6.08276 0 26.6271 14.8661 17.2047 20.8806 
34.6554 26.6833 22.8473 26.6271 0 27.313 31.3847 38.4838 
60.803 24.2074 18.868 14.8661 27.313 0 4.12311 11.1803 
64.6375 26.9258 21.9317 17.2047 31.3847 4.12311 0 7.2111 
71.8471 30.6757 26.4764 20.8806 38.4838 11.1803 7.2111 0 


Distance for  Cluster 3

7
0 28.0179 61.9112 36.6742 26.4008 30.0832 31.0161 
28.0179 0 34 10 5.09902 7.07107 7.81025 
61.9112 34 0 25.6125 35.805 32.6497 31.8904 
36.6742 10 25.6125 0 10.2956 7.07107 6.40312 
26.4008 5.09902 35.805 10.2956 0 4 5 
30.0832 7.07107 32.6497 7.07107 4 0 1 
31.0161 7.81025 31.8904 6.40312 5 1 0 


Distance for  Cluster 4

7
0 41.4849 14.0357 68.352 24.6982 43.0116 12.7279 
41.4849 0 27.8568 42.4382 26.2488 36.3456 36.8917 
14.0357 27.8568 0 55.9017 13.4536 33.4216 11.1803 
68.352 42.4382 55.9017 0 43.6578 29.0172 57.0088 
24.6982 26.2488 13.4536 43.6578 0 20 14 
43.0116 36.3456 33.4216 29.0172 20 0 30.5287 
12.7279 36.8917 11.1803 57.0088 14 30.5287 0 


Distance for  Cluster 5

3
0 9.43398 35.4683 
9.43398 0 26.2488 
35.4683 26.2488 0 


Distance for  Cluster 6

5
0 23.3452 21.4709 39.6611 37.5366 
23.3452 0 14.5602 27.8568 29.4279 
21.4709 14.5602 0 18.4391 17.4929 
39.6611 27.8568 18.4391 0 5.83095 
37.5366 29.4279 17.4929 5.83095 0 


