After sorting
A D X Y 
0 0 0 0
0 20 4 0
0 20 18 0
0 24 70 0
7 100 39 5
9 24 84 14
16 22 66 20
20 6 38 14
23 4 88 38
29 6 66 38
36 9 22 16
37 3 18 14
37 12 42 32
49 20 48 56
58 19 32 52
62 23 22 42
79 24 12 62
82 3 6 48
99 1 -6 36
123 3 -8 12
179 24 -2 0
236 5 -8 -12
259 10 -6 -34
302 7 10 -16
320 16 32 -26
326 3 36 -24
330 2 28 -16
334 5 34 -16
334 6 46 -22
336 21 18 -8
338 15 72 -28
339 26 58 -22
341 3 84 -28
341 6 66 -22
346 20 84 -20
347 13 64 -14
347 14 44 -10
348 16 60 -12
352 13 16 -2


CLUSTER 1
A D X Y 
0 0 0 0
236 5 -8 -12
259 10 -6 -34
302 7 10 -16
320 16 32 -26
326 3 36 -24
330 2 28 -16
334 5 34 -16
334 6 46 -22
336 21 18 -8
338 15 72 -28


CLUSTER 2
A D X Y 
0 0 0 0
339 26 58 -22
341 3 84 -28
341 6 66 -22
346 20 84 -20
347 13 64 -14
347 14 44 -10
348 16 60 -12


CLUSTER 3
A D X Y 
0 0 0 0
352 13 16 -2
0 20 4 0
0 20 18 0
0 24 70 0


CLUSTER 4
A D X Y 
0 0 0 0
7 100 39 5


CLUSTER 5
A D X Y 
0 0 0 0
9 24 84 14
16 22 66 20
20 6 38 14
23 4 88 38
29 6 66 38
36 9 22 16
37 3 18 14
37 12 42 32


CLUSTER 6
A D X Y 
0 0 0 0
49 20 48 56
58 19 32 52
62 23 22 42
79 24 12 62
82 3 6 48
99 1 -6 36
123 3 -8 12


CLUSTER 7
A D X Y 
0 0 0 0
179 24 -2 0


Distance for  Cluster 1

11
0 14.4222 34.5254 18.868 41.2311 43.2666 32.249 37.5766 50.9902 19.6977 77.2528 
14.4222 0 22.0907 18.4391 42.3792 45.607 36.2215 42.19 54.9181 26.3059 81.5843 
34.5254 22.0907 0 24.0832 38.833 43.1741 38.4708 43.8634 53.3667 35.3836 78.2304 
18.868 18.4391 24.0832 0 24.1661 27.2029 18 24 36.4966 11.3137 63.1506 
41.2311 42.3792 38.833 24.1661 0 4.47214 10.7703 10.198 14.5602 22.8035 40.05 
43.2666 45.607 43.1741 27.2029 4.47214 0 11.3137 8.24621 10.198 24.0832 36.2215 
32.249 36.2215 38.4708 18 10.7703 11.3137 0 6 18.9737 12.8062 45.607 
37.5766 42.19 43.8634 24 10.198 8.24621 6 0 13.4164 17.8885 39.8497 
50.9902 54.9181 53.3667 36.4966 14.5602 10.198 18.9737 13.4164 0 31.305 26.6833 
19.6977 26.3059 35.3836 11.3137 22.8035 24.0832 12.8062 17.8885 31.305 0 57.5847 
77.2528 81.5843 78.2304 63.1506 40.05 36.2215 45.607 39.8497 26.6833 57.5847 0 


Distance for  Cluster 2

8
0 62.0322 88.5438 69.5701 86.3481 65.5134 45.1221 61.1882 
62.0322 0 26.6833 8 26.0768 10 18.4391 10.198 
88.5438 26.6833 0 18.9737 8 24.4131 43.8634 28.8444 
69.5701 8 18.9737 0 18.1108 8.24621 25.0599 11.6619 
86.3481 26.0768 8 18.1108 0 20.8806 41.2311 25.2982 
65.5134 10 24.4131 8.24621 20.8806 0 20.3961 4.47214 
45.1221 18.4391 43.8634 25.0599 41.2311 20.3961 0 16.1245 
61.1882 10.198 28.8444 11.6619 25.2982 4.47214 16.1245 0 


Distance for  Cluster 3

5
0 16.1245 4 18 70 
16.1245 0 12.1655 2.82843 54.037 
4 12.1655 0 14 66 
18 2.82843 14 0 52 
70 54.037 66 52 0 


Distance for  Cluster 4

2
0 39.3192 
39.3192 0 


Distance for  Cluster 5

9
0 85.1587 68.9638 40.4969 95.8541 76.1577 27.2029 22.8035 52.8015 
85.1587 0 18.9737 46 24.3311 30 62.0322 66 45.6946 
68.9638 18.9737 0 28.6356 28.4253 18 44.1814 48.3735 26.8328 
40.4969 46 28.6356 0 55.4617 36.8782 16.1245 20 18.4391 
95.8541 24.3311 28.4253 55.4617 0 22 69.5701 74 46.3897 
76.1577 30 18 36.8782 22 0 49.1935 53.6656 24.7386 
27.2029 62.0322 44.1814 16.1245 69.5701 49.1935 0 4.47214 25.6125 
22.8035 66 48.3735 20 74 53.6656 4.47214 0 30 
52.8015 45.6946 26.8328 18.4391 46.3897 24.7386 25.6125 30 0 


Distance for  Cluster 6

8
0 73.7564 61.0574 47.4131 63.1506 48.3735 36.4966 14.4222 
73.7564 0 16.4924 29.5296 36.4966 42.7551 57.5847 71.218 
61.0574 16.4924 0 14.1421 22.3607 26.3059 41.2311 56.5685 
47.4131 29.5296 14.1421 0 22.3607 17.088 28.6356 42.4264 
63.1506 36.4966 22.3607 22.3607 0 15.2315 31.6228 53.8516 
48.3735 42.7551 26.3059 17.088 15.2315 0 16.9706 38.6264 
36.4966 57.5847 41.2311 28.6356 31.6228 16.9706 0 24.0832 
14.4222 71.218 56.5685 42.4264 53.8516 38.6264 24.0832 0 


Distance for  Cluster 7

2
0 2 
2 0 


