After sorting
A D X Y 
0 0 0 0
0 18 40 0
4 1 48 4
12 11 44 10
29 11 54 30
29 22 46 26
33 3 54 36
43 7 44 42
44 11 32 32
53 12 40 54
56 7 16 24
58 23 46 74
71 6 18 54
72 24 24 74
75 6 14 56
77 9 4 18
80 72 2 12
82 23 10 72
85 9 6 74
88 16 2 60
104 16 -20 78
104 16 -2 8
106 7 -16 54
113 7 -34 78
121 10 -26 42
133 10 -32 34
139 22 -14 12
145 2 -32 22
153 22 -8 4
154 16 -38 18
192 22 -26 -6
201 5 -30 -12
205 6 -38 -18
246 3 -6 -14
281 15 2 -10
325 18 20 -14
349 15 42 -8
353 4 54 -6
356 19 30 -2


CLUSTER 1
A D X Y 
0 0 0 0
325 18 20 -14
349 15 42 -8
353 4 54 -6
356 19 30 -2
0 18 40 0
4 1 48 4
12 11 44 10
29 11 54 30


CLUSTER 2
A D X Y 
0 0 0 0
29 22 46 26
33 3 54 36
43 7 44 42
44 11 32 32
53 12 40 54
56 7 16 24
58 23 46 74
71 6 18 54


CLUSTER 3
A D X Y 
0 0 0 0
72 24 24 74
75 6 14 56
77 9 4 18


CLUSTER 4
A D X Y 
0 0 0 0
80 72 2 12
82 23 10 72


CLUSTER 5
A D X Y 
0 0 0 0
85 9 6 74
88 16 2 60
104 16 -20 78
104 16 -2 8
106 7 -16 54
113 7 -34 78
121 10 -26 42
133 10 -32 34


CLUSTER 6
A D X Y 
0 0 0 0
139 22 -14 12
145 2 -32 22
153 22 -8 4
154 16 -38 18
192 22 -26 -6
201 5 -30 -12
205 6 -38 -18
246 3 -6 -14


CLUSTER 7
A D X Y 
0 0 0 0
281 15 2 -10


Distance for  Cluster 1

9
0 24.4131 42.7551 54.3323 30.0666 40 48.1664 45.1221 61.7738 
24.4131 0 22.8035 34.9285 15.6205 24.4131 33.2866 33.9411 55.6058 
42.7551 22.8035 0 12.1655 13.4164 8.24621 13.4164 18.1108 39.8497 
54.3323 34.9285 12.1655 0 24.3311 15.2315 11.6619 18.868 36 
30.0666 15.6205 13.4164 24.3311 0 10.198 18.9737 18.4391 40 
40 24.4131 8.24621 15.2315 10.198 0 8.94427 10.7703 33.1059 
48.1664 33.2866 13.4164 11.6619 18.9737 8.94427 0 7.2111 26.6833 
45.1221 33.9411 18.1108 18.868 18.4391 10.7703 7.2111 0 22.3607 
61.7738 55.6058 39.8497 36 40 33.1059 26.6833 22.3607 0 


Distance for  Cluster 2

9
0 52.8394 64.8999 60.8276 45.2548 67.2012 28.8444 87.1321 56.921 
52.8394 0 12.8062 16.1245 15.2315 28.6356 30.0666 48 39.598 
64.8999 12.8062 0 11.6619 22.3607 22.8035 39.8497 38.833 40.2492 
60.8276 16.1245 11.6619 0 15.6205 12.6491 33.2866 32.0624 28.6356 
45.2548 15.2315 22.3607 15.6205 0 23.4094 17.8885 44.2719 26.0768 
67.2012 28.6356 22.8035 12.6491 23.4094 0 38.4187 20.8806 22 
28.8444 30.0666 39.8497 33.2866 17.8885 38.4187 0 58.3095 30.0666 
87.1321 48 38.833 32.0624 44.2719 20.8806 58.3095 0 34.4093 
56.921 39.598 40.2492 28.6356 26.0768 22 30.0666 34.4093 0 


Distance for  Cluster 3

4
0 77.7946 57.7235 18.4391 
77.7946 0 20.5913 59.4643 
57.7235 20.5913 0 39.2938 
18.4391 59.4643 39.2938 0 


Distance for  Cluster 4

3
0 12.1655 72.6911 
12.1655 0 60.531 
72.6911 60.531 0 


Distance for  Cluster 5

9
0 74.2428 60.0333 80.5233 8.24621 56.3205 85.0882 49.3964 46.6905 
74.2428 0 14.5602 26.3059 66.4831 29.7321 40.1995 45.2548 55.1725 
60.0333 14.5602 0 28.4253 52.1536 18.9737 40.2492 33.2866 42.8019 
80.5233 26.3059 28.4253 0 72.2772 24.3311 14 36.4966 45.607 
8.24621 66.4831 52.1536 72.2772 0 48.0833 76.9675 41.6173 39.6989 
56.3205 29.7321 18.9737 24.3311 48.0833 0 30 15.6205 25.6125 
85.0882 40.1995 40.2492 14 76.9675 30 0 36.8782 44.0454 
49.3964 45.2548 33.2866 36.4966 41.6173 15.6205 36.8782 0 10 
46.6905 55.1725 42.8019 45.607 39.6989 25.6125 44.0454 10 0 


Distance for  Cluster 6

9
0 18.4391 38.833 8.94427 42.0476 26.6833 32.311 42.0476 15.2315 
18.4391 0 20.5913 10 24.7386 21.6333 28.8444 38.4187 27.2029 
38.833 20.5913 0 30 7.2111 28.6356 34.0588 40.4475 44.4072 
8.94427 10 30 0 33.1059 20.5913 27.2029 37.2022 18.1108 
42.0476 24.7386 7.2111 33.1059 0 26.8328 31.0483 36 45.2548 
26.6833 21.6333 28.6356 20.5913 26.8328 0 7.2111 16.9706 21.5407 
32.311 28.8444 34.0588 27.2029 31.0483 7.2111 0 10 24.0832 
42.0476 38.4187 40.4475 37.2022 36 16.9706 10 0 32.249 
15.2315 27.2029 44.4072 18.1108 45.2548 21.5407 24.0832 32.249 0 


Distance for  Cluster 7

2
0 10.198 
10.198 0 


