After sorting
A D X Y 
0 0 0 0
15 2 22 6
75 10 2 8
94 19 -2 26
120 9 -24 40
134 4 -14 14
138 20 -48 42
142 6 -42 32
144 13 -54 38
150 6 -46 26
151 7 -66 36
154 13 -72 34
155 10 -58 26
163 12 -68 20
169 12 -34 6
169 23 -52 10
182 3 -48 -2
182 7 -40 -2
183 13 -66 -4
183 19 -68 -4
186 7 -38 -4
189 22 -58 -10
203 18 -64 -28
206 24 -48 -24
216 9 -72 -54
221 3 -16 -14
222 17 -28 -26
222 20 -54 -50
225 21 -52 -52
226 20 -32 -34
227 15 -38 -42
228 2 -16 -18
229 22 -26 -30
231 1 -24 -30
236 12 -16 -24
261 23 -8 -54
272 26 2 -54
277 1 2 -16
281 20 6 -30
284 15 8 -32
308 24 16 -20
309 10 20 -24
315 12 12 -12
318 20 16 -14
330 13 18 -10
341 18 6 -2


CLUSTER 1
A D X Y 
0 0 0 0
15 2 22 6
75 10 2 8
94 19 -2 26
120 9 -24 40
134 4 -14 14
138 20 -48 42
142 6 -42 32
144 13 -54 38
150 6 -46 26
151 7 -66 36


CLUSTER 2
A D X Y 
0 0 0 0
154 13 -72 34
155 10 -58 26
163 12 -68 20
169 12 -34 6
169 23 -52 10
182 3 -48 -2
182 7 -40 -2
183 13 -66 -4


CLUSTER 3
A D X Y 
0 0 0 0
183 19 -68 -4
186 7 -38 -4
189 22 -58 -10
203 18 -64 -28
206 24 -48 -24
216 9 -72 -54


CLUSTER 4
A D X Y 
0 0 0 0
221 3 -16 -14
222 17 -28 -26
222 20 -54 -50
225 21 -52 -52
226 20 -32 -34
227 15 -38 -42
228 2 -16 -18


CLUSTER 5
A D X Y 
0 0 0 0
229 22 -26 -30
231 1 -24 -30
236 12 -16 -24
261 23 -8 -54
272 26 2 -54
277 1 2 -16


CLUSTER 6
A D X Y 
0 0 0 0
281 20 6 -30
284 15 8 -32
308 24 16 -20
309 10 20 -24
315 12 12 -12


CLUSTER 7
A D X Y 
0 0 0 0
318 20 16 -14
330 13 18 -10
341 18 6 -2


Distance for  Cluster 1

11
0 22.8035 8.24621 26.0768 46.6476 19.799 63.7809 52.8015 66.0303 52.8394 75.1798 
22.8035 0 20.0998 31.241 57.2014 36.8782 78.7147 69.0797 82.4621 70.8802 92.9731 
8.24621 20.0998 0 18.4391 41.2311 17.088 60.4649 50.1199 63.5295 51.264 73.5391 
26.0768 31.241 18.4391 0 26.0768 16.9706 48.7032 40.4475 53.3667 44 64.7765 
46.6476 57.2014 41.2311 26.0768 0 27.8568 24.0832 19.6977 30.0666 26.0768 42.19 
19.799 36.8782 17.088 16.9706 27.8568 0 44.0454 33.2866 46.6476 34.176 56.4624 
63.7809 78.7147 60.4649 48.7032 24.0832 44.0454 0 11.6619 7.2111 16.1245 18.9737 
52.8015 69.0797 50.1199 40.4475 19.6977 33.2866 11.6619 0 13.4164 7.2111 24.3311 
66.0303 82.4621 63.5295 53.3667 30.0666 46.6476 7.2111 13.4164 0 14.4222 12.1655 
52.8394 70.8802 51.264 44 26.0768 34.176 16.1245 7.2111 14.4222 0 22.3607 
75.1798 92.9731 73.5391 64.7765 42.19 56.4624 18.9737 24.3311 12.1655 22.3607 0 


Distance for  Cluster 2

9
0 79.6241 63.561 70.8802 34.5254 52.9528 48.0416 40.05 66.1211 
79.6241 0 16.1245 14.5602 47.2017 31.241 43.2666 48.1664 38.4708 
63.561 16.1245 0 11.6619 31.241 17.088 29.7321 33.2866 31.0483 
70.8802 14.5602 11.6619 0 36.7696 18.868 29.7321 35.609 24.0832 
34.5254 47.2017 31.241 36.7696 0 18.4391 16.1245 10 33.5261 
52.9528 31.241 17.088 18.868 18.4391 0 12.6491 16.9706 19.799 
48.0416 43.2666 29.7321 29.7321 16.1245 12.6491 0 8 18.1108 
40.05 48.1664 33.2866 35.609 10 16.9706 8 0 26.0768 
66.1211 38.4708 31.0483 24.0832 33.5261 19.799 18.1108 26.0768 0 


Distance for  Cluster 3

7
0 68.1175 38.2099 58.8558 69.857 53.6656 90 
68.1175 0 30 11.6619 24.3311 28.2843 50.1597 
38.2099 30 0 20.8806 35.3836 22.3607 60.4649 
58.8558 11.6619 20.8806 0 18.9737 17.2047 46.1736 
69.857 24.3311 35.3836 18.9737 0 16.4924 27.2029 
53.6656 28.2843 22.3607 17.2047 16.4924 0 38.4187 
90 50.1597 60.4649 46.1736 27.2029 38.4187 0 


Distance for  Cluster 4

8
0 21.2603 38.2099 73.5935 73.5391 46.6905 56.6392 24.0832 
21.2603 0 16.9706 52.345 52.345 25.6125 35.609 4 
38.2099 16.9706 0 35.3836 35.3836 8.94427 18.868 14.4222 
73.5935 52.345 35.3836 0 2.82843 27.2029 17.8885 49.679 
73.5391 52.345 35.3836 2.82843 0 26.9072 17.2047 49.5177 
46.6905 25.6125 8.94427 27.2029 26.9072 0 10 22.6274 
56.6392 35.609 18.868 17.8885 17.2047 10 0 32.5576 
24.0832 4 14.4222 49.679 49.5177 22.6274 32.5576 0 


Distance for  Cluster 5

7
0 39.6989 38.4187 28.8444 54.5894 54.037 16.1245 
39.6989 0 2 11.6619 30 36.8782 31.305 
38.4187 2 0 10 28.8444 35.3836 29.5296 
28.8444 11.6619 10 0 31.0483 34.9857 19.6977 
54.5894 30 28.8444 31.0483 0 10 39.2938 
54.037 36.8782 35.3836 34.9857 10 0 38 
16.1245 31.305 29.5296 19.6977 39.2938 38 0 


Distance for  Cluster 6

6
0 30.5941 32.9848 25.6125 31.241 16.9706 
30.5941 0 2.82843 14.1421 15.2315 18.9737 
32.9848 2.82843 0 14.4222 14.4222 20.3961 
25.6125 14.1421 14.4222 0 5.65685 8.94427 
31.241 15.2315 14.4222 5.65685 0 14.4222 
16.9706 18.9737 20.3961 8.94427 14.4222 0 


Distance for  Cluster 7

4
0 21.2603 20.5913 6.32456 
21.2603 0 4.47214 15.6205 
20.5913 4.47214 0 14.4222 
6.32456 15.6205 14.4222 0 


