After sorting
A D X Y 
0 0 0 0
5 2 44 4
5 3 64 6
9 2 58 10
17 25 32 10
21 5 20 8
21 24 59 23
24 18 58 27
25 26 30 14
28 8 46 25
31 18 26 16
36 6 38 28
37 22 34 26
38 23 29 23
56 10 10 15
81 20 5 33
82 13 3 24
146 30 -21 14
220 14 -21 -18
227 17 -21 -23
237 1 -12 -19
242 20 -23 -44
255 1 -6 -23
257 22 -10 -47
259 25 -11 -61
263 16 -6 -55
264 13 -6 -62
276 7 6 -57
276 23 6 -57
284 4 12 -46
289 7 12 -33
290 23 15 -40
296 22 13 -26
304 2 23 -33
312 13 31 -34
313 18 51 -53
315 8 59 -57
320 3 74 -62
321 19 54 -43
323 2 72 -54
324 2 18 -13
326 26 61 -40
328 15 47 -29
329 6 71 -42
329 10 24 -14
333 3 28 -14
334 21 69 -33
342 12 55 -17
343 3 71 -21
344 2 11 -3
347 18 53 -12
349 2 64 -12
358 9 40 -1


CLUSTER 1
A D X Y 
0 0 0 0
146 30 -21 14
220 14 -21 -18
227 17 -21 -23
237 1 -12 -19
242 20 -23 -44
255 1 -6 -23


CLUSTER 2
A D X Y 
0 0 0 0
257 22 -10 -47
259 25 -11 -61
263 16 -6 -55
264 13 -6 -62
276 7 6 -57


CLUSTER 3
A D X Y 
0 0 0 0
276 23 6 -57
284 4 12 -46
289 7 12 -33
290 23 15 -40
296 22 13 -26
304 2 23 -33
312 13 31 -34


CLUSTER 4
A D X Y 
0 0 0 0
313 18 51 -53
315 8 59 -57
320 3 74 -62
321 19 54 -43
323 2 72 -54
324 2 18 -13
326 26 61 -40
328 15 47 -29
329 6 71 -42


CLUSTER 5
A D X Y 
0 0 0 0
329 10 24 -14
333 3 28 -14
334 21 69 -33
342 12 55 -17
343 3 71 -21
344 2 11 -3
347 18 53 -12
349 2 64 -12
358 9 40 -1
5 2 44 4
5 3 64 6
9 2 58 10


CLUSTER 6
A D X Y 
0 0 0 0
17 25 32 10
21 5 20 8
21 24 59 23
24 18 58 27
25 26 30 14


CLUSTER 7
A D X Y 
0 0 0 0
28 8 46 25
31 18 26 16
36 6 38 28
37 22 34 26
38 23 29 23
56 10 10 15


CLUSTER 8
A D X Y 
0 0 0 0
81 20 5 33
82 13 3 24


Distance for  Cluster 1

7
0 25.2389 27.6586 31.1448 22.4722 49.6488 23.7697 
25.2389 0 32 37 34.2053 58.0345 39.9249 
27.6586 32 0 5 9.05539 26.0768 15.8114 
31.1448 37 5 0 9.84886 21.095 15 
22.4722 34.2053 9.05539 9.84886 0 27.313 7.2111 
49.6488 58.0345 26.0768 21.095 27.313 0 27.0185 
23.7697 39.9249 15.8114 15 7.2111 27.0185 0 


Distance for  Cluster 2

6
0 48.0521 61.9839 55.3263 62.2896 57.3149 
48.0521 0 14.0357 8.94427 15.5242 18.868 
61.9839 14.0357 0 7.81025 5.09902 17.4642 
55.3263 8.94427 7.81025 0 7 12.1655 
62.2896 15.5242 5.09902 7 0 13 
57.3149 18.868 17.4642 12.1655 13 0 


Distance for  Cluster 3

8
0 57.3149 47.5395 35.1141 42.72 29.0689 40.2244 46.0109 
57.3149 0 12.53 24.7386 19.2354 31.7805 29.4109 33.9706 
47.5395 12.53 0 13 6.7082 20.025 17.0294 22.4722 
35.1141 24.7386 13 0 7.61577 7.07107 11 19.0263 
42.72 19.2354 6.7082 7.61577 0 14.1421 10.6301 17.088 
29.0689 31.7805 20.025 7.07107 14.1421 0 12.2066 19.6977 
40.2244 29.4109 17.0294 11 10.6301 12.2066 0 8.06226 
46.0109 33.9706 22.4722 19.0263 17.088 19.6977 8.06226 0 


Distance for  Cluster 4

10
0 73.5527 82.0366 96.5401 69.029 90 22.2036 72.9452 55.2268 82.4924 
73.5527 0 8.94427 24.6982 10.4403 21.0238 51.8556 16.4012 24.3311 22.8254 
82.0366 8.94427 0 15.8114 14.8661 13.3417 60.1415 17.1172 30.4631 19.2094 
96.5401 24.6982 15.8114 0 27.5862 8.24621 74.411 25.5539 42.638 20.2237 
69.029 10.4403 14.8661 27.5862 0 21.095 46.8615 7.61577 15.6525 17.0294 
90 21.0238 13.3417 8.24621 21.095 0 67.8012 17.8045 35.3553 12.0416 
22.2036 51.8556 60.1415 74.411 46.8615 67.8012 0 50.774 33.121 60.4152 
72.9452 16.4012 17.1172 25.5539 7.61577 17.8045 50.774 0 17.8045 10.198 
55.2268 24.3311 30.4631 42.638 15.6525 35.3553 33.121 17.8045 0 27.2947 
82.4924 22.8254 19.2094 20.2237 17.0294 12.0416 60.4152 10.198 27.2947 0 


Distance for  Cluster 5

13
0 27.7849 31.305 76.4853 57.5674 74.0405 11.4018 54.3415 65.1153 40.0125 44.1814 64.2806 58.8558 
27.7849 0 4 48.8467 31.1448 47.5184 17.0294 29.0689 40.05 20.6155 26.9072 44.7214 41.6173 
31.305 4 0 45.1885 27.1662 43.566 20.2485 25.0799 36.0555 17.6918 24.0832 41.1825 38.4187 
76.4853 48.8467 45.1885 0 21.2603 12.1655 65.2993 26.4008 21.587 43.1856 44.6542 39.3192 44.3847 
57.5674 31.1448 27.1662 21.2603 0 16.4924 46.1736 5.38516 10.2956 21.9317 23.7065 24.6982 27.1662 
74.0405 47.5184 43.566 12.1655 16.4924 0 62.6418 20.1246 11.4018 36.8917 36.7967 27.8927 33.6155 
11.4018 17.0294 20.2485 65.2993 46.1736 62.6418 0 42.9535 53.7587 29.0689 33.7343 53.7587 48.7647 
54.3415 29.0689 25.0799 26.4008 5.38516 20.1246 42.9535 0 11 17.0294 18.3576 21.095 22.561 
65.1153 40.05 36.0555 21.587 10.2956 11.4018 53.7587 11 0 26.4008 25.6125 18 22.8035 
40.0125 20.6155 17.6918 43.1856 21.9317 36.8917 29.0689 17.0294 26.4008 0 6.40312 25 21.095 
44.1814 26.9072 24.0832 44.6542 23.7065 36.7967 33.7343 18.3576 25.6125 6.40312 0 20.0998 15.2315 
64.2806 44.7214 41.1825 39.3192 24.6982 27.8927 53.7587 21.095 18 25 20.0998 0 7.2111 
58.8558 41.6173 38.4187 44.3847 27.1662 33.6155 48.7647 22.561 22.8035 21.095 15.2315 7.2111 0 


Distance for  Cluster 6

6
0 33.5261 21.5407 63.3246 63.9766 33.1059 
33.5261 0 12.1655 29.9666 31.0644 4.47214 
21.5407 12.1655 0 41.7852 42.4853 11.6619 
63.3246 29.9666 41.7852 0 4.12311 30.3645 
63.9766 31.0644 42.4853 4.12311 0 30.8707 
33.1059 4.47214 11.6619 30.3645 30.8707 0 


Distance for  Cluster 7

7
0 52.3546 30.5287 47.2017 42.8019 37.0135 18.0278 
52.3546 0 21.9317 8.544 12.0416 17.1172 37.3631 
30.5287 21.9317 0 16.9706 12.8062 7.61577 16.0312 
47.2017 8.544 16.9706 0 4.47214 10.2956 30.8707 
42.8019 12.0416 12.8062 4.47214 0 5.83095 26.4008 
37.0135 17.1172 7.61577 10.2956 5.83095 0 20.6155 
18.0278 37.3631 16.0312 30.8707 26.4008 20.6155 0 


Distance for  Cluster 8

3
0 33.3766 24.1868 
33.3766 0 9.21954 
24.1868 9.21954 0 


