After sorting
A D X Y 
0 0 0 0
1 11 76 2
4 14 72 6
8 20 26 4
21 23 56 22
23 6 64 28
25 14 50 24
33 18 18 12
34 18 40 28
36 2 56 42
36 15 44 32
40 15 54 46
42 11 78 72
46 21 42 44
54 2 52 72
54 21 46 64
68 19 12 30
76 2 16 68
77 8 10 46
81 12 4 28
81 18 12 76
84 19 6 62
85 11 6 72
85 13 4 46
85 15 4 56
86 4 4 72
89 11 0 60
89 12 0 64
97 2 -10 76
115 1 -14 30
153 10 -12 6
323 23 8 -6
324 22 14 -10
341 9 54 -18
351 7 78 -12
351 13 14 -2


CLUSTER 1
A D X Y 
0 0 0 0
97 2 -10 76
115 1 -14 30
153 10 -12 6
323 23 8 -6
324 22 14 -10
341 9 54 -18
351 7 78 -12
351 13 14 -2
1 11 76 2


CLUSTER 2
A D X Y 
0 0 0 0
4 14 72 6
8 20 26 4
21 23 56 22
23 6 64 28
25 14 50 24
33 18 18 12


CLUSTER 3
A D X Y 
0 0 0 0
34 18 40 28
36 2 56 42
36 15 44 32
40 15 54 46
42 11 78 72
46 21 42 44
54 2 52 72


CLUSTER 4
A D X Y 
0 0 0 0
54 21 46 64
68 19 12 30
76 2 16 68
77 8 10 46
81 12 4 28
81 18 12 76
84 19 6 62


CLUSTER 5
A D X Y 
0 0 0 0
85 11 6 72
85 13 4 46
85 15 4 56
86 4 4 72
89 11 0 60
89 12 0 64


Distance for  Cluster 1

10
0 76.6551 33.1059 13.4164 10 17.2047 56.921 78.9177 14.1421 76.0263 
76.6551 0 46.1736 70.0286 83.9524 89.2861 113.719 124.451 81.6088 113.455 
33.1059 46.1736 0 24.0832 42.19 48.8262 83.2346 101.134 42.5206 94.255 
13.4164 70.0286 24.0832 0 23.3238 30.5287 70.2282 91.7823 27.2029 88.0909 
10 83.9524 42.19 23.3238 0 7.2111 47.5395 70.2567 7.2111 68.469 
17.2047 89.2861 48.8262 30.5287 7.2111 0 40.7922 64.0312 8 63.1506 
56.921 113.719 83.2346 70.2282 47.5395 40.7922 0 24.7386 43.0813 29.7321 
78.9177 124.451 101.134 91.7823 70.2567 64.0312 24.7386 0 64.7765 14.1421 
14.1421 81.6088 42.5206 27.2029 7.2111 8 43.0813 64.7765 0 62.1289 
76.0263 113.455 94.255 88.0909 68.469 63.1506 29.7321 14.1421 62.1289 0 


Distance for  Cluster 2

7
0 72.2496 26.3059 60.1664 69.857 55.4617 21.6333 
72.2496 0 46.0435 22.6274 23.4094 28.4253 54.3323 
26.3059 46.0435 0 34.9857 44.9444 31.241 11.3137 
60.1664 22.6274 34.9857 0 10 6.32456 39.2938 
69.857 23.4094 44.9444 10 0 14.5602 48.7032 
55.4617 28.4253 31.241 6.32456 14.5602 0 34.176 
21.6333 54.3323 11.3137 39.2938 48.7032 34.176 0 


Distance for  Cluster 3

8
0 48.8262 70 54.4059 70.9366 106.151 60.8276 88.8144 
48.8262 0 21.2603 5.65685 22.8035 58.1378 16.1245 45.607 
70 21.2603 0 15.6205 4.47214 37.2022 14.1421 30.2655 
54.4059 5.65685 15.6205 0 17.2047 52.4976 12.1655 40.7922 
70.9366 22.8035 4.47214 17.2047 0 35.3836 12.1655 26.0768 
106.151 58.1378 37.2022 52.4976 35.3836 0 45.607 26 
60.8276 16.1245 14.1421 12.1655 12.1655 45.607 0 29.7321 
88.8144 45.607 30.2655 40.7922 26.0768 26 29.7321 0 


Distance for  Cluster 4

8
0 78.8162 32.311 69.857 47.0744 28.2843 76.9415 62.2896 
78.8162 0 48.0833 30.2655 40.2492 55.3173 36.0555 40.05 
32.311 48.0833 0 38.2099 16.1245 8.24621 46 32.5576 
69.857 30.2655 38.2099 0 22.8035 41.7612 8.94427 11.6619 
47.0744 40.2492 16.1245 22.8035 0 18.9737 30.0666 16.4924 
28.2843 55.3173 8.24621 41.7612 18.9737 0 48.6621 34.0588 
76.9415 36.0555 46 8.94427 30.0666 48.6621 0 15.2315 
62.2896 40.05 32.5576 11.6619 16.4924 34.0588 15.2315 0 


Distance for  Cluster 5

7
0 72.2496 46.1736 56.1427 72.111 60 64 
72.2496 0 26.0768 16.1245 2 13.4164 10 
46.1736 26.0768 0 10 26 14.5602 18.4391 
56.1427 16.1245 10 0 16 5.65685 8.94427 
72.111 2 26 16 0 12.6491 8.94427 
60 13.4164 14.5602 5.65685 12.6491 0 4 
64 10 18.4391 8.94427 8.94427 4 0 


