After sorting
A D X Y 
0 0 0 0
1 11 76 2
4 14 72 6
8 20 26 4
21 23 56 22
23 6 64 28
25 14 50 24
33 18 18 12
34 18 40 28
36 2 56 42
36 15 44 32
40 15 54 46
42 11 78 72
46 21 42 44
54 2 52 72
54 21 46 64
68 19 12 30
76 2 16 68
77 8 10 46
81 12 4 28
81 18 12 76
84 19 6 62
85 11 6 72
85 13 4 46
85 15 4 56
86 4 4 72
89 11 0 60
89 12 0 64
97 2 -10 76
115 1 -14 30
153 10 -12 6
323 23 8 -6
324 22 14 -10
341 9 54 -18
351 7 78 -12
351 13 14 -2


CLUSTER 1
A D X Y 
0 0 0 0
46 21 42 44
54 2 52 72
54 21 46 64
68 19 12 30
76 2 16 68
77 8 10 46
81 12 4 28


CLUSTER 2
A D X Y 
0 0 0 0
81 18 12 76
84 19 6 62
85 11 6 72
85 13 4 46
85 15 4 56
86 4 4 72
89 11 0 60


CLUSTER 3
A D X Y 
0 0 0 0
89 12 0 64
97 2 -10 76
115 1 -14 30
153 10 -12 6
323 23 8 -6
324 22 14 -10
341 9 54 -18
351 7 78 -12
351 13 14 -2


CLUSTER 4
A D X Y 
1 11 76 2
4 14 72 6
8 20 26 4
21 23 56 22
23 6 64 28
25 14 50 24


CLUSTER 5
A D X Y 
0 0 0 0
33 18 18 12
34 18 40 28
36 2 56 42
36 15 44 32
40 15 54 46
42 11 78 72


Distance for  Cluster 1

8
0 60.8276 88.8144 78.8162 32.311 69.857 47.0744 28.2843 
60.8276 0 29.7321 20.3961 33.1059 35.3836 32.0624 41.2311 
88.8144 29.7321 0 10 58 36.2215 49.3964 65.1153 
78.8162 20.3961 10 0 48.0833 30.2655 40.2492 55.3173 
32.311 33.1059 58 48.0833 0 38.2099 16.1245 8.24621 
69.857 35.3836 36.2215 30.2655 38.2099 0 22.8035 41.7612 
47.0744 32.0624 49.3964 40.2492 16.1245 22.8035 0 18.9737 
28.2843 41.2311 65.1153 55.3173 8.24621 41.7612 18.9737 0 


Distance for  Cluster 2

8
0 76.9415 62.2896 72.2496 46.1736 56.1427 72.111 60 
76.9415 0 15.2315 7.2111 31.0483 21.5407 8.94427 20 
62.2896 15.2315 0 10 16.1245 6.32456 10.198 6.32456 
72.2496 7.2111 10 0 26.0768 16.1245 2 13.4164 
46.1736 31.0483 16.1245 26.0768 0 10 26 14.5602 
56.1427 21.5407 6.32456 16.1245 10 0 16 5.65685 
72.111 8.94427 10.198 2 26 16 0 12.6491 
60 20 6.32456 13.4164 14.5602 5.65685 12.6491 0 


Distance for  Cluster 3

10
0 64 76.6551 33.1059 13.4164 10 17.2047 56.921 78.9177 14.1421 
64 0 15.6205 36.7696 59.2284 70.4557 75.3127 98.1835 108.904 67.4685 
76.6551 15.6205 0 46.1736 70.0286 83.9524 89.2861 113.719 124.451 81.6088 
33.1059 36.7696 46.1736 0 24.0832 42.19 48.8262 83.2346 101.134 42.5206 
13.4164 59.2284 70.0286 24.0832 0 23.3238 30.5287 70.2282 91.7823 27.2029 
10 70.4557 83.9524 42.19 23.3238 0 7.2111 47.5395 70.2567 7.2111 
17.2047 75.3127 89.2861 48.8262 30.5287 7.2111 0 40.7922 64.0312 8 
56.921 98.1835 113.719 83.2346 70.2282 47.5395 40.7922 0 24.7386 43.0813 
78.9177 108.904 124.451 101.134 91.7823 70.2567 64.0312 24.7386 0 64.7765 
14.1421 67.4685 81.6088 42.5206 27.2029 7.2111 8 43.0813 64.7765 0 


Distance for  Cluster 4

6
0 5.65685 50.04 28.2843 28.6356 34.0588 
5.65685 0 46.0435 22.6274 23.4094 28.4253 
50.04 46.0435 0 34.9857 44.9444 31.241 
28.2843 22.6274 34.9857 0 10 6.32456 
28.6356 23.4094 44.9444 10 0 14.5602 
34.0588 28.4253 31.241 6.32456 14.5602 0 


Distance for  Cluster 5

7
0 21.6333 48.8262 70 54.4059 70.9366 106.151 
21.6333 0 27.2029 48.4149 32.8024 49.5177 84.8528 
48.8262 27.2029 0 21.2603 5.65685 22.8035 58.1378 
70 48.4149 21.2603 0 15.6205 4.47214 37.2022 
54.4059 32.8024 5.65685 15.6205 0 17.2047 52.4976 
70.9366 49.5177 22.8035 4.47214 17.2047 0 35.3836 
106.151 84.8528 58.1378 37.2022 52.4976 35.3836 0 


