After sorting
A D X Y 
0 0 0 0
1 11 76 2
4 14 72 6
8 20 26 4
21 23 56 22
23 6 64 28
25 14 50 24
33 18 18 12
34 18 40 28
36 2 56 42
36 15 44 32
40 15 54 46
42 11 78 72
46 21 42 44
54 2 52 72
54 21 46 64
68 19 12 30
76 2 16 68
77 8 10 46
81 12 4 28
81 18 12 76
84 19 6 62
85 11 6 72
85 13 4 46
85 15 4 56
86 4 4 72
89 11 0 60
89 12 0 64
97 2 -10 76
115 1 -14 30
153 10 -12 6
323 23 8 -6
324 22 14 -10
341 9 54 -18
351 7 78 -12
351 13 14 -2


CLUSTER 1
A D X Y 
0 0 0 0
323 23 8 -6
324 22 14 -10
341 9 54 -18
351 7 78 -12
351 13 14 -2
1 11 76 2
4 14 72 6


CLUSTER 2
A D X Y 
0 0 0 0
8 20 26 4
21 23 56 22
23 6 64 28
25 14 50 24
33 18 18 12
34 18 40 28


CLUSTER 3
A D X Y 
0 0 0 0
36 2 56 42
36 15 44 32
40 15 54 46
42 11 78 72
46 21 42 44
54 2 52 72
54 21 46 64


CLUSTER 4
A D X Y 
0 0 0 0
68 19 12 30
76 2 16 68
77 8 10 46
81 12 4 28
81 18 12 76
84 19 6 62
85 11 6 72


CLUSTER 5
A D X Y 
0 0 0 0
85 13 4 46
85 15 4 56
86 4 4 72
89 11 0 60
89 12 0 64
97 2 -10 76
115 1 -14 30
153 10 -12 6


Distance for  Cluster 1

8
0 10 17.2047 56.921 78.9177 14.1421 76.0263 72.2496 
10 0 7.2111 47.5395 70.2567 7.2111 68.469 65.1153 
17.2047 7.2111 0 40.7922 64.0312 8 63.1506 60.1664 
56.921 47.5395 40.7922 0 24.7386 43.0813 29.7321 30 
78.9177 70.2567 64.0312 24.7386 0 64.7765 14.1421 18.9737 
14.1421 7.2111 8 43.0813 64.7765 0 62.1289 58.5491 
76.0263 68.469 63.1506 29.7321 14.1421 62.1289 0 5.65685 
72.2496 65.1153 60.1664 30 18.9737 58.5491 5.65685 0 


Distance for  Cluster 2

7
0 26.3059 60.1664 69.857 55.4617 21.6333 48.8262 
26.3059 0 34.9857 44.9444 31.241 11.3137 27.7849 
60.1664 34.9857 0 10 6.32456 39.2938 17.088 
69.857 44.9444 10 0 14.5602 48.7032 24 
55.4617 31.241 6.32456 14.5602 0 34.176 10.7703 
21.6333 11.3137 39.2938 48.7032 34.176 0 27.2029 
48.8262 27.7849 17.088 24 10.7703 27.2029 0 


Distance for  Cluster 3

8
0 70 54.4059 70.9366 106.151 60.8276 88.8144 78.8162 
70 0 15.6205 4.47214 37.2022 14.1421 30.2655 24.1661 
54.4059 15.6205 0 17.2047 52.4976 12.1655 40.7922 32.0624 
70.9366 4.47214 17.2047 0 35.3836 12.1655 26.0768 19.6977 
106.151 37.2022 52.4976 35.3836 0 45.607 26 32.9848 
60.8276 14.1421 12.1655 12.1655 45.607 0 29.7321 20.3961 
88.8144 30.2655 40.7922 26.0768 26 29.7321 0 10 
78.8162 24.1661 32.0624 19.6977 32.9848 20.3961 10 0 


Distance for  Cluster 4

8
0 32.311 69.857 47.0744 28.2843 76.9415 62.2896 72.2496 
32.311 0 38.2099 16.1245 8.24621 46 32.5576 42.4264 
69.857 38.2099 0 22.8035 41.7612 8.94427 11.6619 10.7703 
47.0744 16.1245 22.8035 0 18.9737 30.0666 16.4924 26.3059 
28.2843 8.24621 41.7612 18.9737 0 48.6621 34.0588 44.0454 
76.9415 46 8.94427 30.0666 48.6621 0 15.2315 7.2111 
62.2896 32.5576 11.6619 16.4924 34.0588 15.2315 0 10 
72.2496 42.4264 10.7703 26.3059 44.0454 7.2111 10 0 


Distance for  Cluster 5

9
0 46.1736 56.1427 72.111 60 64 76.6551 33.1059 13.4164 
46.1736 0 10 26 14.5602 18.4391 33.1059 24.0832 43.0813 
56.1427 10 0 16 5.65685 8.94427 24.4131 31.6228 52.4976 
72.111 26 16 0 12.6491 8.94427 14.5602 45.6946 67.9117 
60 14.5602 5.65685 12.6491 0 4 18.868 33.1059 55.3173 
64 18.4391 8.94427 8.94427 4 0 15.6205 36.7696 59.2284 
76.6551 33.1059 24.4131 14.5602 18.868 15.6205 0 46.1736 70.0286 
33.1059 24.0832 31.6228 45.6946 33.1059 36.7696 46.1736 0 24.0832 
13.4164 43.0813 52.4976 67.9117 55.3173 59.2284 70.0286 24.0832 0 


