After sorting
A D X Y 
0 0 0 0
36 18 8 6
75 8 14 55
86 17 1 16
93 66 -3 52
94 4 -4 50
97 12 -2 16
105 21 -18 67
111 19 -25 63
115 26 -29 60
123 26 -23 35
125 16 -46 64
129 19 -44 54
130 2 -61 72
137 12 -67 61
140 20 -45 37
141 5 -19 15
144 9 -85 60
149 8 -20 12
152 14 -32 17
153 19 -65 32
155 19 -35 16
156 10 -40 17
157 3 -85 35
157 21 -39 16
161 19 -67 23
161 23 -82 28
168 8 -70 14
169 13 -11 2
185 1 -57 -5
187 5 -39 -5
188 23 -61 -9
191 7 -73 -15
196 18 -24 -7
200 20 -52 -19
264 21 -2 -20
303 18 10 -15


CLUSTER 1
A D X Y 
0 0 0 0
75 8 14 55
86 17 1 16
93 66 -3 52
94 4 -4 50


CLUSTER 2
A D X Y 
0 0 0 0
97 12 -2 16
105 21 -18 67
111 19 -25 63
115 26 -29 60


CLUSTER 3
A D X Y 
0 0 0 0
123 26 -23 35
125 16 -46 64
129 19 -44 54
130 2 -61 72
137 12 -67 61
140 20 -45 37
141 5 -19 15


CLUSTER 4
A D X Y 
0 0 0 0
144 9 -85 60
149 8 -20 12
152 14 -32 17
153 19 -65 32
155 19 -35 16
156 10 -40 17
157 3 -85 35


CLUSTER 5
A D X Y 
0 0 0 0
157 21 -39 16
161 19 -67 23
161 23 -82 28
168 8 -70 14
169 13 -11 2
185 1 -57 -5
187 5 -39 -5


CLUSTER 6
A D X Y 
0 0 0 0
188 23 -61 -9
191 7 -73 -15
196 18 -24 -7
200 20 -52 -19
264 21 -2 -20


CLUSTER 7
A D X Y 
0 0 0 0
303 18 10 -15
36 18 8 6


Distance for  Cluster 1

5
0 56.7539 16.0312 52.0865 50.1597 
56.7539 0 41.1096 17.2627 18.6815 
16.0312 41.1096 0 36.2215 34.3657 
52.0865 17.2627 36.2215 0 2.23607 
50.1597 18.6815 34.3657 2.23607 0 


Distance for  Cluster 2

5
0 16.1245 69.3758 67.7791 66.6408 
16.1245 0 53.4509 52.3259 51.6236 
69.3758 53.4509 0 8.06226 13.0384 
67.7791 52.3259 8.06226 0 5 
66.6408 51.6236 13.0384 5 0 


Distance for  Cluster 3

8
0 41.8808 78.8162 69.6563 94.3663 90.609 58.258 24.2074 
41.8808 0 37.0135 28.3196 53.0377 51.1077 22.0907 20.3961 
78.8162 37.0135 0 10.198 17 21.2132 27.0185 55.9464 
69.6563 28.3196 10.198 0 24.7588 24.0416 17.0294 46.3249 
94.3663 53.0377 17 24.7588 0 12.53 38.4838 70.8025 
90.609 51.1077 21.2132 24.0416 12.53 0 32.5576 66.4831 
58.258 22.0907 27.0185 17.0294 38.4838 32.5576 0 34.0588 
24.2074 20.3961 55.9464 46.3249 70.8025 66.4831 34.0588 0 


Distance for  Cluster 4

8
0 104.043 23.3238 36.2353 72.45 38.4838 43.4626 91.9239 
104.043 0 80.8022 68.2495 34.4093 66.6033 62.2415 25 
23.3238 80.8022 0 13 49.2443 15.5242 20.6155 68.9493 
36.2353 68.2495 13 0 36.2491 3.16228 8 55.9732 
72.45 34.4093 49.2443 36.2491 0 34 29.1548 20.2237 
38.4838 66.6033 15.5242 3.16228 34 0 5.09902 53.4883 
43.4626 62.2415 20.6155 8 29.1548 5.09902 0 48.4665 
91.9239 25 68.9493 55.9732 20.2237 53.4883 48.4665 0 


Distance for  Cluster 5

8
0 42.1545 70.8378 86.6487 71.3863 11.1803 57.2189 39.3192 
42.1545 0 28.8617 44.643 31.0644 31.305 27.6586 21 
70.8378 28.8617 0 15.8114 9.48683 59.808 29.7321 39.598 
86.6487 44.643 15.8114 0 18.4391 75.6108 41.4005 54.2033 
71.3863 31.0644 9.48683 18.4391 0 60.208 23.0217 36.3593 
11.1803 31.305 59.808 75.6108 60.208 0 46.5296 28.8617 
57.2189 27.6586 29.7321 41.4005 23.0217 46.5296 0 18 
39.3192 21 39.598 54.2033 36.3593 28.8617 18 0 


Distance for  Cluster 6

6
0 61.6604 74.5252 25 55.3624 20.0998 
61.6604 0 13.4164 37.054 13.4536 60.0167 
74.5252 13.4164 0 49.6488 21.3776 71.1758 
25 37.054 49.6488 0 30.4631 25.5539 
55.3624 13.4536 21.3776 30.4631 0 50.01 
20.0998 60.0167 71.1758 25.5539 50.01 0 


Distance for  Cluster 7

3
0 18.0278 10 
18.0278 0 21.095 
10 21.095 0 


