After sorting
A D X Y 
0 0 0 0
0 16 21 0
4 22 60 5
16 2 40 12
16 7 54 16
17 7 35 11
25 2 40 19
38 6 55 44
43 1 40 38
44 2 34 33
53 12 37 50
56 27 30 46
59 1 9 15
91 9 -1 42
114 20 -20 43
116 23 -13 26
121 4 -28 45
129 2 -22 27
134 5 -2 2
143 1 -27 20
143 6 -30 22
146 7 -12 8
150 19 -26 15
156 20 -16 7
174 9 -29 3
248 13 -12 -31
267 7 -1 -21
285 7 12 -44
304 8 28 -40
304 16 7 -10
305 16 15 -21
310 19 22 -26
321 23 5 -4
326 23 58 -39
337 3 44 -18
353 24 36 -4
356 18 58 -4


CLUSTER 1
A D X Y 
0 0 0 0
53 12 37 50
56 27 30 46
59 1 9 15
91 9 -1 42
114 20 -20 43
116 23 -13 26
121 4 -28 45
129 2 -22 27


CLUSTER 2
A D X Y 
0 0 0 0
134 5 -2 2
143 1 -27 20
143 6 -30 22
146 7 -12 8
150 19 -26 15
156 20 -16 7
174 9 -29 3
248 13 -12 -31
267 7 -1 -21
285 7 12 -44


CLUSTER 3
A D X Y 
0 0 0 0
304 8 28 -40
304 16 7 -10
305 16 15 -21
310 19 22 -26
321 23 5 -4


CLUSTER 4
A D X Y 
0 0 0 0
326 23 58 -39
337 3 44 -18
353 24 36 -4
356 18 58 -4
0 16 21 0


CLUSTER 5
A D X Y 
0 0 0 0
4 22 60 5
16 2 40 12
16 7 54 16
17 7 35 11
25 2 40 19
38 6 55 44
43 1 40 38
44 2 34 33


Distance for  Cluster 1

9
0 62.2013 54.9181 17.4929 42.0119 47.4236 29.0689 53 34.8281 
62.2013 0 8.06226 44.8219 38.833 57.4282 55.4617 65.192 63.3246 
54.9181 8.06226 0 37.4433 31.257 50.0899 47.4236 58.0086 55.3624 
17.4929 44.8219 37.4433 0 28.7924 40.3113 24.5967 47.634 33.2415 
42.0119 38.833 31.257 28.7924 0 19.0263 20 27.1662 25.807 
47.4236 57.4282 50.0899 40.3113 19.0263 0 18.3848 8.24621 16.1245 
29.0689 55.4617 47.4236 24.5967 20 18.3848 0 24.2074 9.05539 
53 65.192 58.0086 47.634 27.1662 8.24621 24.2074 0 18.9737 
34.8281 63.3246 55.3624 33.2415 25.807 16.1245 9.05539 18.9737 0 


Distance for  Cluster 2

11
0 2.82843 33.6006 37.2022 14.4222 30.0167 17.4642 29.1548 33.2415 21.0238 45.607 
2.82843 0 30.8058 34.4093 11.6619 27.2947 14.8661 27.0185 34.4819 23.0217 48.0833 
33.6006 30.8058 0 3.60555 19.2094 5.09902 17.0294 17.1172 53.1601 48.5489 74.9466 
37.2022 34.4093 3.60555 0 22.8035 8.06226 20.5183 19.0263 55.9732 51.8652 78.2304 
14.4222 11.6619 19.2094 22.8035 0 15.6525 4.12311 17.72 39 31.0161 57.2713 
30.0167 27.2947 5.09902 8.06226 15.6525 0 12.8062 12.3693 48.0833 43.8292 70.1783 
17.4642 14.8661 17.0294 20.5183 4.12311 12.8062 0 13.6015 38.2099 31.7648 58.1808 
29.1548 27.0185 17.1172 19.0263 17.72 12.3693 13.6015 0 38.0132 36.8782 62.3699 
33.2415 34.4819 53.1601 55.9732 39 48.0833 38.2099 38.0132 0 14.8661 27.2947 
21.0238 23.0217 48.5489 51.8652 31.0161 43.8292 31.7648 36.8782 14.8661 0 26.4197 
45.607 48.0833 74.9466 78.2304 57.2713 70.1783 58.1808 62.3699 27.2947 26.4197 0 


Distance for  Cluster 3

6
0 48.8262 12.2066 25.807 34.0588 6.40312 
48.8262 0 36.6197 23.0217 15.2315 42.72 
12.2066 36.6197 0 13.6015 21.9317 6.32456 
25.807 23.0217 13.6015 0 8.60233 19.7231 
34.0588 15.2315 21.9317 8.60233 0 27.8029 
6.40312 42.72 6.32456 19.7231 27.8029 0 


Distance for  Cluster 4

6
0 69.8928 47.5395 36.2215 58.1378 21 
69.8928 0 25.2389 41.3401 35 53.7587 
47.5395 25.2389 0 16.1245 19.799 29.2062 
36.2215 41.3401 16.1245 0 22 15.5242 
58.1378 35 19.799 22 0 37.2156 
21 53.7587 29.2062 15.5242 37.2156 0 


Distance for  Cluster 5

9
0 60.208 41.7612 56.3205 36.6879 44.2832 70.4344 55.1725 47.3814 
60.208 0 21.1896 12.53 25.7099 24.4131 39.3192 38.5876 38.2099 
41.7612 21.1896 0 14.5602 5.09902 7 35.3412 26 21.8403 
56.3205 12.53 14.5602 0 19.6469 14.3178 28.0179 26.0768 26.2488 
36.6879 25.7099 5.09902 19.6469 0 9.43398 38.5876 27.4591 22.0227 
44.2832 24.4131 7 14.3178 9.43398 0 29.1548 19 15.2315 
70.4344 39.3192 35.3412 28.0179 38.5876 29.1548 0 16.1555 23.7065 
55.1725 38.5876 26 26.0768 27.4591 19 16.1555 0 7.81025 
47.3814 38.2099 21.8403 26.2488 22.0227 15.2315 23.7065 7.81025 0 


