After sorting
A D X Y 
0 0 0 0
11 17 35 7
12 17 65 15
18 8 64 21
30 7 43 25
37 10 29 22
47 2 21 23
87 17 1 21
138 16 -30 27
156 14 -18 8
161 22 -24 8
196 19 -20 -6
209 12 -25 -14
214 17 -25 -17
224 21 -30 -29
232 22 -29 -38
242 11 -25 -48
246 11 -28 -64
247 2 -25 -60
248 13 -16 -40
250 5 -20 -57
250 23 -22 -62
260 6 -4 -24
264 24 -3 -30
271 21 1 -50
272 18 2 -42
275 15 5 -56
300 6 40 -68
304 22 25 -36
306 8 17 -23
306 21 15 -20
307 24 33 -43
309 8 22 -27
309 10 56 -68
315 11 67 -65
316 14 60 -56
318 5 65 -57
318 12 50 -44
320 8 54 -44
344 2 18 -5
344 20 44 -12
344 23 65 -18
350 20 66 -11
353 6 9 -1
355 3 59 -5


CLUSTER 1
A D X Y 
0 0 0 0
47 2 21 23
87 17 1 21
138 16 -30 27
156 14 -18 8
161 22 -24 8
196 19 -20 -6


CLUSTER 2
A D X Y 
0 0 0 0
209 12 -25 -14
214 17 -25 -17
224 21 -30 -29
232 22 -29 -38
242 11 -25 -48
246 11 -28 -64
247 2 -25 -60


CLUSTER 3
A D X Y 
0 0 0 0
248 13 -16 -40
250 5 -20 -57
250 23 -22 -62
260 6 -4 -24
264 24 -3 -30
271 21 1 -50


CLUSTER 4
A D X Y 
0 0 0 0
272 18 2 -42
275 15 5 -56
300 6 40 -68
304 22 25 -36
306 8 17 -23
306 21 15 -20


CLUSTER 5
A D X Y 
0 0 0 0
307 24 33 -43
309 8 22 -27
309 10 56 -68
315 11 67 -65
316 14 60 -56
318 5 65 -57
318 12 50 -44
320 8 54 -44
344 2 18 -5


CLUSTER 6
A D X Y 
0 0 0 0
344 20 44 -12
344 23 65 -18
350 20 66 -11
353 6 9 -1
355 3 59 -5
11 17 35 7


CLUSTER 7
A D X Y 
0 0 0 0
12 17 65 15
18 8 64 21
30 7 43 25
37 10 29 22


Distance for  Cluster 1

7
0 31.1448 21.0238 40.3609 19.6977 25.2982 20.8806 
31.1448 0 20.0998 51.1566 41.7852 47.4342 50.2195 
21.0238 20.0998 0 31.5753 23.0217 28.178 34.2053 
40.3609 51.1566 31.5753 0 22.4722 19.9249 34.4819 
19.6977 41.7852 23.0217 22.4722 0 6 14.1421 
25.2982 47.4342 28.178 19.9249 6 0 14.5602 
20.8806 50.2195 34.2053 34.4819 14.1421 14.5602 0 


Distance for  Cluster 2

8
0 28.6531 30.2324 41.7253 47.8017 54.1202 69.857 65 
28.6531 0 3 15.8114 24.3311 34 50.0899 46 
30.2324 3 0 13 21.3776 31 47.0956 43 
41.7253 15.8114 13 0 9.05539 19.6469 35.0571 31.4006 
47.8017 24.3311 21.3776 9.05539 0 10.7703 26.0192 22.3607 
54.1202 34 31 19.6469 10.7703 0 16.2788 12 
69.857 50.0899 47.0956 35.0571 26.0192 16.2788 0 5 
65 46 43 31.4006 22.3607 12 5 0 


Distance for  Cluster 3

7
0 43.0813 60.407 65.7875 24.3311 30.1496 50.01 
43.0813 0 17.4642 22.8035 20 16.4012 19.7231 
60.407 17.4642 0 5.38516 36.6742 31.9061 22.1359 
65.7875 22.8035 5.38516 0 42.0476 37.2156 25.9422 
24.3311 20 36.6742 42.0476 0 6.08276 26.4764 
30.1496 16.4012 31.9061 37.2156 6.08276 0 20.3961 
50.01 19.7231 22.1359 25.9422 26.4764 20.3961 0 


Distance for  Cluster 4

7
0 42.0476 56.2228 78.8923 43.8292 28.6007 25 
42.0476 0 14.3178 46.0435 23.7697 24.2074 25.5539 
56.2228 14.3178 0 37 28.2843 35.1141 37.3631 
78.8923 46.0435 37 0 35.3412 50.5371 54.1202 
43.8292 23.7697 28.2843 35.3412 0 15.2643 18.868 
28.6007 24.2074 35.1141 50.5371 15.2643 0 3.60555 
25 25.5539 37.3631 54.1202 18.868 3.60555 0 


Distance for  Cluster 5

10
0 54.2033 34.8281 88.0909 93.3488 82.0731 86.4523 66.6033 69.6563 18.6815 
54.2033 0 19.4165 33.9706 40.4969 29.9666 34.9285 17.0294 21.0238 40.8534 
34.8281 19.4165 0 53.2635 58.8982 47.8017 52.4309 32.7567 36.2353 22.3607 
88.0909 33.9706 53.2635 0 11.4018 12.6491 14.2127 24.7386 24.0832 73.5731 
93.3488 40.4969 58.8982 11.4018 0 11.4018 8.24621 27.0185 24.6982 77.4661 
82.0731 29.9666 47.8017 12.6491 11.4018 0 5.09902 15.6205 13.4164 66.0681 
86.4523 34.9285 52.4309 14.2127 8.24621 5.09902 0 19.8494 17.0294 70.0928 
66.6033 17.0294 32.7567 24.7386 27.0185 15.6205 19.8494 0 4 50.448 
69.6563 21.0238 36.2353 24.0832 24.6982 13.4164 17.0294 4 0 53.0754 
18.6815 40.8534 22.3607 73.5731 77.4661 66.0681 70.0928 50.448 53.0754 0 


Distance for  Cluster 6

7
0 45.607 67.4463 66.9104 9.05539 59.2115 35.6931 
45.607 0 21.8403 22.0227 36.6879 16.5529 21.0238 
67.4463 21.8403 0 7.07107 58.5235 14.3178 39.0512 
66.9104 22.0227 7.07107 0 57.8705 9.21954 35.8469 
9.05539 36.6879 58.5235 57.8705 0 50.1597 27.2029 
59.2115 16.5529 14.3178 9.21954 50.1597 0 26.8328 
35.6931 21.0238 39.0512 35.8469 27.2029 26.8328 0 


Distance for  Cluster 7

5
0 66.7083 67.3573 49.7393 36.4006 
66.7083 0 6.08276 24.1661 36.6742 
67.3573 6.08276 0 21.3776 35.0143 
49.7393 24.1661 21.3776 0 14.3178 
36.4006 36.6742 35.0143 14.3178 0 


