After sorting
A D X Y 
0 0 0 0
6 14 84 9
7 100 44 6
8 24 73 11
12 13 44 10
17 18 28 9
19 9 74 26
20 2 65 24
22 3 39 16
32 23 8 5
34 9 44 30
35 24 28 20
37 4 18 14
47 14 10 11
48 14 18 20
82 9 4 30
253 18 -12 -40
257 4 -7 -31
258 13 -13 -66
267 4 -2 -44
267 24 -1 -21
274 3 3 -40
274 18 3 -36
285 9 8 -29
298 13 24 -45
306 18 19 -26
307 13 34 -45
307 24 24 -31
311 8 59 -66
311 14 59 -67
313 9 23 -24
317 8 73 -67
320 18 44 -36
323 24 49 -36
324 8 28 -20
329 13 69 -41
329 14 25 -15
336 8 34 -15
340 24 83 -30
345 19 20 -5
348 14 29 -6
349 8 49 -9
355 8 64 -5
359 14 58 -1


CLUSTER 1
A D X Y 
0 0 0 0
47 14 10 11
48 14 18 20
82 9 4 30
253 18 -12 -40
257 4 -7 -31
258 13 -13 -66
267 4 -2 -44
267 24 -1 -21


CLUSTER 2
A D X Y 
0 0 0 0
274 3 3 -40
274 18 3 -36
285 9 8 -29
298 13 24 -45
306 18 19 -26
307 13 34 -45
307 24 24 -31


CLUSTER 3
A D X Y 
0 0 0 0
311 8 59 -66
311 14 59 -67
313 9 23 -24
317 8 73 -67
320 18 44 -36
323 24 49 -36
324 8 28 -20


CLUSTER 4
A D X Y 
0 0 0 0
329 13 69 -41
329 14 25 -15
336 8 34 -15
340 24 83 -30
345 19 20 -5
348 14 29 -6
349 8 49 -9


CLUSTER 5
A D X Y 
0 0 0 0
355 8 64 -5
359 14 58 -1
6 14 84 9


CLUSTER 6
A D X Y 
0 0 0 0
7 100 44 6


CLUSTER 7
A D X Y 
0 0 0 0
8 24 73 11
12 13 44 10
17 18 28 9
19 9 74 26
20 2 65 24
22 3 39 16
32 23 8 5


CLUSTER 8
A D X Y 
0 0 0 0
34 9 44 30
35 24 28 20
37 4 18 14


Distance for  Cluster 1

9
0 14.8661 26.9072 30.2655 41.7612 31.7805 67.2681 44.0454 21.0238 
14.8661 0 12.0416 19.9249 55.5428 45.31 80.3617 56.2939 33.8378 
26.9072 12.0416 0 17.2047 67.082 56.7979 91.4166 67.0522 45.1885 
30.2655 19.9249 17.2047 0 71.8053 61.9839 97.4936 74.2428 51.2445 
41.7612 55.5428 67.082 71.8053 0 10.2956 26.0192 10.7703 21.9545 
31.7805 45.31 56.7979 61.9839 10.2956 0 35.5106 13.9284 11.6619 
67.2681 80.3617 91.4166 97.4936 26.0192 35.5106 0 24.5967 46.5725 
44.0454 56.2939 67.0522 74.2428 10.7703 13.9284 24.5967 0 23.0217 
21.0238 33.8378 45.1885 51.2445 21.9545 11.6619 46.5725 23.0217 0 


Distance for  Cluster 2

8
0 40.1123 36.1248 30.0832 51 32.2025 56.4004 39.2046 
40.1123 0 4 12.083 21.587 21.2603 31.4006 22.8473 
36.1248 4 0 8.60233 22.8473 18.868 32.28 21.587 
30.0832 12.083 8.60233 0 22.6274 11.4018 30.5287 16.1245 
51 21.587 22.8473 22.6274 0 19.6469 10 14 
32.2025 21.2603 18.868 11.4018 19.6469 0 24.2074 7.07107 
56.4004 31.4006 32.28 30.5287 10 24.2074 0 17.2047 
39.2046 22.8473 21.587 16.1245 14 7.07107 17.2047 0 


Distance for  Cluster 3

8
0 88.5268 89.2749 33.2415 99.0858 56.8507 60.803 34.4093 
88.5268 0 1 55.3173 14.0357 33.541 31.6228 55.4707 
89.2749 1 0 56.0803 14 34.4384 32.573 56.3028 
33.2415 55.3173 56.0803 0 65.9469 24.1868 28.6356 6.40312 
99.0858 14.0357 14 65.9469 0 42.45 39.2046 65.0692 
56.8507 33.541 34.4384 24.1868 42.45 0 5 22.6274 
60.803 31.6228 32.573 28.6356 39.2046 5 0 26.4008 
34.4093 55.4707 56.3028 6.40312 65.0692 22.6274 26.4008 0 


Distance for  Cluster 4

8
0 80.2621 29.1548 37.1618 88.2553 20.6155 29.6142 49.8197 
80.2621 0 51.1077 43.6005 17.8045 60.803 53.1507 37.7359 
29.1548 51.1077 0 9 59.9083 11.1803 9.84886 24.7386 
37.1618 43.6005 9 0 51.2445 17.2047 10.2956 16.1555 
88.2553 17.8045 59.9083 51.2445 0 67.7791 59.0931 39.9625 
20.6155 60.803 11.1803 17.2047 67.7791 0 9.05539 29.2746 
29.6142 53.1507 9.84886 10.2956 59.0931 9.05539 0 20.2237 
49.8197 37.7359 24.7386 16.1555 39.9625 29.2746 20.2237 0 


Distance for  Cluster 5

4
0 64.195 58.0086 84.4808 
64.195 0 7.2111 24.4131 
58.0086 7.2111 0 27.8568 
84.4808 24.4131 27.8568 0 


Distance for  Cluster 6

2
0 44.4072 
44.4072 0 


Distance for  Cluster 7

8
0 73.8241 45.1221 29.4109 78.4347 69.2892 42.1545 9.43398 
73.8241 0 29.0172 45.0444 15.0333 15.2643 34.3657 65.2763 
45.1221 29.0172 0 16.0312 34 25.2389 7.81025 36.3456 
29.4109 45.0444 16.0312 0 49.0408 39.9249 13.0384 20.3961 
78.4347 15.0333 34 49.0408 0 9.21954 36.4006 69.2604 
69.2892 15.2643 25.2389 39.9249 9.21954 0 27.2029 60.0833 
42.1545 34.3657 7.81025 13.0384 36.4006 27.2029 0 32.8938 
9.43398 65.2763 36.3456 20.3961 69.2604 60.0833 32.8938 0 


Distance for  Cluster 8

4
0 53.2541 34.4093 22.8035 
53.2541 0 18.868 30.5287 
34.4093 18.868 0 11.6619 
22.8035 30.5287 11.6619 0 


