After sorting
A D X Y 
0 0 0 0
3 14 36 2
29 15 14 8
30 11 10 6
30 14 50 30
42 16 28 26
43 26 42 40
48 20 48 54
49 24 24 28
57 18 50 78
59 8 40 68
59 10 42 70
62 2 34 66
62 9 26 50
64 9 38 80
68 8 30 76
69 11 30 82
73 10 20 68
74 3 16 58
75 4 22 86
75 14 24 94
82 18 10 80
83 16 6 54
85 15 6 70
87 18 4 82
89 12 0 90
89 16 0 88
92 14 -4 94
93 9 -2 38
97 2 -6 48
107 5 -24 74
108 25 -14 42
112 23 -24 58
122 3 -20 32
122 13 -10 16
122 16 -34 54
124 8 -34 50
127 16 -44 58
128 23 -8 10
134 7 -10 10
138 5 -36 32
152 25 -42 22
163 20 -46 14
167 12 -26 6
169 13 -34 6
173 2 -36 4
174 22 -44 4
186 22 -36 -4


CLUSTER 1
A D X Y 
0 0 0 0
48 20 48 54
49 24 24 28
57 18 50 78
59 8 40 68
59 10 42 70
62 2 34 66
62 9 26 50
64 9 38 80


CLUSTER 2
A D X Y 
0 0 0 0
68 8 30 76
69 11 30 82
73 10 20 68
74 3 16 58
75 4 22 86
75 14 24 94
82 18 10 80
83 16 6 54
85 15 6 70


CLUSTER 3
A D X Y 
0 0 0 0
87 18 4 82
89 12 0 90
89 16 0 88
92 14 -4 94
93 9 -2 38
97 2 -6 48
107 5 -24 74


CLUSTER 4
A D X Y 
0 0 0 0
108 25 -14 42
112 23 -24 58
122 3 -20 32
122 13 -10 16
122 16 -34 54
124 8 -34 50


CLUSTER 5
A D X Y 
0 0 0 0
127 16 -44 58
128 23 -8 10
134 7 -10 10
138 5 -36 32
152 25 -42 22
163 20 -46 14


CLUSTER 6
A D X Y 
0 0 0 0
167 12 -26 6
169 13 -34 6
173 2 -36 4
174 22 -44 4
186 22 -36 -4
3 14 36 2
29 15 14 8


CLUSTER 7
A D X Y 
0 0 0 0
30 11 10 6
30 14 50 30
42 16 28 26
43 26 42 40


Distance for  Cluster 1

9
0 72.2496 36.8782 92.6499 78.8923 81.6333 74.2428 56.356 88.5664 
72.2496 0 35.3836 24.0832 16.1245 17.088 18.4391 22.3607 27.8568 
36.8782 35.3836 0 56.356 43.0813 45.6946 39.2938 22.0907 53.8516 
92.6499 24.0832 56.356 0 14.1421 11.3137 20 36.8782 12.1655 
78.8923 16.1245 43.0813 14.1421 0 2.82843 6.32456 22.8035 12.1655 
81.6333 17.088 45.6946 11.3137 2.82843 0 8.94427 25.6125 10.7703 
74.2428 18.4391 39.2938 20 6.32456 8.94427 0 17.8885 14.5602 
56.356 22.3607 22.0907 36.8782 22.8035 25.6125 17.8885 0 32.311 
88.5664 27.8568 53.8516 12.1655 12.1655 10.7703 14.5602 32.311 0 


Distance for  Cluster 2

10
0 81.7068 87.3155 70.8802 60.1664 88.7694 97.0155 80.6226 54.3323 70.2567 
81.7068 0 6 12.8062 22.8035 12.8062 18.9737 20.3961 32.5576 24.7386 
87.3155 6 0 17.2047 27.7849 8.94427 13.4164 20.0998 36.8782 26.8328 
70.8802 12.8062 17.2047 0 10.7703 18.1108 26.3059 15.6205 19.799 14.1421 
60.1664 22.8035 27.7849 10.7703 0 28.6356 36.8782 22.8035 10.7703 15.6205 
88.7694 12.8062 8.94427 18.1108 28.6356 0 8.24621 13.4164 35.7771 22.6274 
97.0155 18.9737 13.4164 26.3059 36.8782 8.24621 0 19.799 43.8634 30 
80.6226 20.3961 20.0998 15.6205 22.8035 13.4164 19.799 0 26.3059 10.7703 
54.3323 32.5576 36.8782 19.799 10.7703 35.7771 43.8634 26.3059 0 16 
70.2567 24.7386 26.8328 14.1421 15.6205 22.6274 30 10.7703 16 0 


Distance for  Cluster 3

8
0 82.0975 90 88 94.0851 38.0526 48.3735 77.7946 
82.0975 0 8.94427 7.2111 14.4222 44.4072 35.4401 29.1204 
90 8.94427 0 2 5.65685 52.0384 42.4264 28.8444 
88 7.2111 2 0 7.2111 50.04 40.4475 27.7849 
94.0851 14.4222 5.65685 7.2111 0 56.0357 46.0435 28.2843 
38.0526 44.4072 52.0384 50.04 56.0357 0 10.7703 42.19 
48.3735 35.4401 42.4264 40.4475 46.0435 10.7703 0 31.6228 
77.7946 29.1204 28.8444 27.7849 28.2843 42.19 31.6228 0 


Distance for  Cluster 4

7
0 44.2719 62.7694 37.7359 18.868 63.8122 60.4649 
44.2719 0 18.868 11.6619 26.3059 23.3238 21.5407 
62.7694 18.868 0 26.3059 44.2719 10.7703 12.8062 
37.7359 11.6619 26.3059 0 18.868 26.0768 22.8035 
18.868 26.3059 44.2719 18.868 0 44.9444 41.6173 
63.8122 23.3238 10.7703 26.0768 44.9444 0 4 
60.4649 21.5407 12.8062 22.8035 41.6173 4 0 


Distance for  Cluster 5

7
0 72.8011 12.8062 14.1421 48.1664 47.4131 48.0833 
72.8011 0 60 58.8218 27.2029 36.0555 44.0454 
12.8062 60 0 2 35.609 36.0555 38.2099 
14.1421 58.8218 2 0 34.0588 34.176 36.2215 
48.1664 27.2029 35.609 34.0588 0 11.6619 20.5913 
47.4131 36.0555 36.0555 34.176 11.6619 0 8.94427 
48.0833 44.0454 38.2099 36.2215 20.5913 8.94427 0 


Distance for  Cluster 6

8
0 26.6833 34.5254 36.2215 44.1814 36.2215 36.0555 16.1245 
26.6833 0 8 10.198 18.1108 14.1421 62.1289 40.05 
34.5254 8 0 2.82843 10.198 10.198 70.1142 48.0416 
36.2215 10.198 2.82843 0 8 8 72.0278 50.1597 
44.1814 18.1108 10.198 8 0 11.3137 80.025 58.1378 
36.2215 14.1421 10.198 8 11.3137 0 72.2496 51.4198 
36.0555 62.1289 70.1142 72.0278 80.025 72.2496 0 22.8035 
16.1245 40.05 48.0416 50.1597 58.1378 51.4198 22.8035 0 


Distance for  Cluster 7

5
0 11.6619 58.3095 38.2099 58 
11.6619 0 46.6476 26.9072 46.6905 
58.3095 46.6476 0 22.3607 12.8062 
38.2099 26.9072 22.3607 0 19.799 
58 46.6905 12.8062 19.799 0 


